61;88;37;60;9;61;55;88;16;67;45;93;57;82;61;83;14;73;46;82;46;57;52;67;45;66;7;56;43;61;36;65;52;94;46;66;64;94;50;82;46;93;43;87
61;88;37;60;9;61;55;88;12;85;45;93;57;82;61;83;14;73;46;82;46;57;52;67;45;66;7;56;39;75;36;65;52;94;46;66;64;94;50;82;46;93;43;87
63;88;39;56;9;61;55;88;14;57;45;93;57;82;61;83;14;73;52;72;46;53;52;72;43;71;7;56;39;70;37;65;52;88;46;66;64;94;52;77;45;100;43;87
63;88;39;56;9;61;55;88;14;57;46;87;57;82;61;83;14;73;52;72;46;53;52;72;43;71;7;56;39;70;37;65;52;88;46;66;64;94;52;77;45;100;43;87
55;94;23;36;7;56;43;93;9;61;30;93;48;87;64;94;10;67;48;76;46;57;57;72;34;60;5;46;28;59;19;38;55;77;48;62;66;94;55;82;48;87;46;62
55;94;21;35;7;51;43;87;9;61;30;93;43;87;64;94;10;67;48;82;46;57;57;72;32;64;3;55;28;59;19;32;54;82;46;66;61;83;54;82;46;93;46;62
46;93;21;38;7;51;41;93;7;72;30;80;39;93;66;94;10;72;48;82;45;57;54;72;32;64;3;55;28;59;18;41;54;82;46;66;52;82;54;82;46;93;45;66
45;93;19;42;7;51;41;93;7;72;30;86;39;87;66;94;12;67;48;82;43;66;52;77;32;64;3;55;28;59;18;41;54;82;48;62;48;87;54;77;46;87;45;71
43;93;19;42;7;51;39;93;9;66;30;86;37;87;66;94;12;67;50;88;43;61;52;72;32;64;3;55;28;59;18;41;54;82;48;62;46;93;54;77;46;87;45;71
41;93;19;42;5;60;39;93;9;66;30;80;37;87;63;88;12;67;52;82;43;61;50;76;32;64;3;60;28;59;18;45;52;88;46;66;46;87;52;82;45;93;45;76
41;93;19;42;5;60;37;93;9;66;30;80;37;87;59;88;12;67;52;82;43;61;50;76;32;64;3;60;28;59;18;45;52;88;46;66;46;87;52;82;45;93;45;76
39;93;21;38;7;56;37;100;10;61;30;80;37;87;57;94;12;67;54;77;41;70;50;76;30;80;3;60;28;55;18;45;52;88;46;66;45;81;52;77;45;93;45;76
39;93;21;38;9;56;37;93;12;52;30;80;36;87;57;88;14;62;55;67;43;61;52;62;30;80;7;56;27;69;19;42;52;88;48;62;45;81;52;77;45;93;45;71
39;93;21;38;10;56;37;93;16;45;32;75;34;81;54;88;14;62;59;48;41;70;54;58;30;86;10;47;25;86;19;42;54;82;46;66;45;76;54;72;46;87;46;66
39;87;21;38;10;56;37;93;16;45;32;75;34;81;52;88;16;57;59;48;41;70;54;58;30;86;10;47;25;86;19;42;54;82;46;66;45;76;54;72;46;87;46;66
41;81;25;33;14;52;37;93;16;45;36;70;34;81;52;82;18;58;63;39;45;61;57;59;30;86;12;48;25;86;21;38;55;77;48;62;46;66;55;63;48;87;48;66
43;76;25;33;18;49;37;93;19;42;37;70;36;75;52;88;18;62;64;40;48;50;63;42;30;86;14;41;25;86;21;38;59;68;48;62;48;66;61;55;52;82;50;62
41;76;25;33;19;49;37;93;19;42;39;65;36;81;54;82;18;62;66;43;50;47;63;42;30;86;16;37;25;86;23;36;59;63;48;66;52;58;61;55;55;77;52;58
39;61;25;30;18;68;34;81;18;45;46;53;34;75;48;71;18;68;61;55;55;41;66;46;30;93;16;57;27;86;23;39;66;43;48;71;50;50;63;68;61;55;55;51
39;61;25;30;18;68;34;81;18;45;46;53;34;75;48;71;18;68;61;55;55;41;66;46;30;93;16;57;27;86;23;39;66;43;48;71;50;50;63;68;61;55;55;51
37;60;25;33;18;68;34;75;18;45;46;53;32;75;46;76;18;62;59;68;55;41;66;49;30;86;16;62;27;86;23;39;64;46;48;66;46;50;61;72;59;55;54;54
36;65;25;33;19;68;32;75;16;53;45;61;30;75;45;71;18;62;57;82;54;47;63;59;30;86;16;67;27;93;23;39;63;52;48;66;45;53;61;72;57;59;54;54
36;65;25;33;19;68;32;75;14;57;45;61;30;75;43;71;18;68;55;88;52;54;61;68;30;86;16;67;27;93;21;42;61;59;46;76;43;57;59;77;54;82;52;62
36;65;25;33;19;73;32;75;14;57;45;61;30;75;43;71;18;68;55;88;52;54;61;68;30;86;16;67;27;86;21;42;61;59;46;76;43;57;59;77;52;88;52;62
36;65;23;36;19;73;30;80;14;62;41;66;30;75;39;75;18;68;55;88;48;66;57;82;30;86;16;62;27;93;21;38;61;59;46;76;43;53;59;77;52;100;54;58
34;70;23;39;19;73;30;80;14;62;37;75;30;69;39;70;16;67;57;82;50;58;57;82;30;86;16;57;27;93;21;42;59;63;46;76;39;61;57;82;52;100;52;72
34;70;23;39;19;68;30;80;12;67;37;75;30;69;39;70;16;67;57;88;48;62;55;88;28;93;16;57;27;93;21;42;57;72;45;81;37;65;57;77;52;100;50;76
34;70;23;39;19;68;30;80;12;67;37;75;30;69;39;70;16;67;57;88;48;62;55;88;28;93;16;57;27;93;21;42;57;72;45;81;37;65;57;77;52;100;50;76
32;75;21;38;19;68;30;75;12;67;37;75;30;69;39;70;16;67;57;88;46;66;55;88;28;86;16;57;27;93;21;38;55;72;45;81;37;60;55;77;52;100;48;87
30;75;21;42;18;68;28;80;12;67;36;81;30;69;37;70;16;67;57;88;46;71;54;88;28;86;16;62;27;93;19;42;54;72;45;81;37;60;55;77;52;88;48;82
30;75;21;42;19;63;27;80;10;72;30;93;27;69;36;70;16;67;57;94;46;66;54;82;25;86;18;73;25;93;19;42;52;77;43;87;36;65;52;82;48;100;46;87
30;75;21;45;19;63;27;80;10;72;30;93;27;74;36;70;16;62;61;88;43;76;54;82;25;86;18;73;23;86;18;45;52;77;43;87;34;70;52;82;46;93;46;87
32;69;21;45;19;63;27;74;10;72;30;86;27;69;34;75;16;62;61;88;43;76;52;82;25;86;19;73;23;86;18;41;52;72;43;87;34;70;50;88;46;93;45;93
32;69;21;45;19;63;27;74;10;72;30;86;27;69;34;75;16;62;61;88;43;76;52;82;25;80;19;73;23;86;18;41;52;72;43;87;34;70;50;88;46;93;45;93
32;69;21;42;18;62;27;74;12;67;30;86;27;69;36;70;16;67;63;83;39;87;52;77;25;86;19;73;21;93;18;41;52;72;43;87;34;65;48;94;43;100;46;87
30;69;21;42;18;62;27;80;14;67;30;86;27;69;36;70;16;67;64;78;43;76;48;87;25;86;19;73;21;86;18;45;50;76;43;87;34;70;50;88;45;93;45;93
32;64;21;45;19;63;27;74;16;73;34;81;27;74;36;75;18;62;63;94;39;81;48;87;25;86;19;79;23;80;19;42;52;72;43;81;36;65;52;82;45;100;45;93
36;65;21;45;19;63;27;74;16;73;34;81;27;74;36;75;18;62;63;94;39;81;48;87;25;86;19;86;23;80;19;42;52;72;43;81;36;65;52;82;45;100;45;93
34;65;19;63;21;58;27;74;18;73;36;81;27;74;37;70;19;58;63;94;41;81;54;77;25;86;21;80;23;80;19;38;55;55;43;81;39;56;52;88;46;100;45;93
37;60;18;79;21;58;28;74;18;62;39;70;28;69;37;70;21;58;63;100;46;71;55;72;25;80;21;86;25;74;19;32;57;48;43;81;43;53;55;77;46;100;45;93
37;60;18;79;23;54;30;69;18;62;45;61;30;69;39;65;21;58;66;88;48;62;59;68;25;86;21;86;25;74;19;35;61;42;43;87;45;49;61;63;48;100;46;87
37;60;18;79;23;54;30;69;18;62;45;61;30;69;39;65;21;58;66;94;48;62;59;68;25;86;21;86;25;74;19;35;61;42;43;87;45;49;61;63;48;100;46;87
41;57;18;79;23;58;30;75;19;58;46;53;30;69;41;61;25;54;68;88;50;62;61;63;25;86;23;80;25;74;19;35;63;37;45;81;46;50;61;63;54;77;46;87
43;53;18;79;23;58;30;69;19;58;50;47;30;69;43;57;25;54;70;83;54;54;63;59;27;80;25;63;25;74;18;49;64;34;45;81;50;47;61;68;55;72;48;87
45;53;18;79;21;63;30;75;18;62;52;44;30;69;41;61;27;50;70;83;54;54;63;59;27;80;23;74;25;74;16;79;64;34;45;81;54;41;61;72;57;67;48;87
45;53;18;79;21;63;30;75;18;62;52;44;30;69;41;61;27;50;70;83;54;54;63;59;27;80;23;74;25;74;16;79;64;34;45;81;54;41;61;72;57;67;48;87
45;57;18;79;21;68;30;80;18;62;52;44;30;69;37;70;23;58;70;83;55;51;63;59;28;74;23;74;25;74;16;79;66;32;45;81;54;47;61;68;59;59;48;87
43;61;19;73;21;68;30;80;16;67;52;44;30;69;37;70;19;68;68;78;57;48;61;59;27;80;21;80;25;74;18;73;66;32;46;82;52;50;61;68;57;63;48;87
43;61;19;73;21;68;30;80;16;67;52;44;30;69;37;70;19;68;68;78;57;48;61;59;27;80;21;80;25;74;18;79;66;32;46;82;52;50;61;68;57;63;48;87
39;65;19;73;21;68;30;80;16;67;50;54;30;75;37;70;18;73;66;78;55;51;57;72;27;74;21;80;27;69;18;73;64;37;45;87;48;58;57;72;55;67;46;93
37;70;19;73;21;68;30;80;16;67;46;62;30;75;37;70;18;68;64;78;54;54;57;72;25;80;21;80;27;69;18;73;63;39;45;87;46;62;57;72;54;77;46;87
36;75;19;63;21;68;30;80;16;67;45;66;30;75;37;70;18;73;55;88;50;67;55;77;25;74;23;68;25;74;19;49;61;52;45;87;43;66;57;72;50;88;46;93
36;75;19;63;21;68;30;80;16;67;45;66;30;75;37;70;18;73;54;82;50;67;55;77;25;74;23;68;25;74;19;49;61;52;45;87;43;66;57;72;50;88;46;93
34;75;21;54;21;68;30;80;14;73;43;66;30;75;36;75;18;73;52;77;48;71;55;77;25;74;21;68;23;74;19;49;57;72;45;87;39;75;55;77;50;88;46;93
32;80;21;49;19;73;30;80;16;67;41;76;30;75;37;70;18;73;52;77;46;76;54;82;25;74;19;73;21;80;19;49;57;59;45;87;37;75;54;82;48;94;46;93
32;80;21;45;19;73;30;80;14;79;43;71;30;80;37;70;16;73;48;76;45;76;54;82;25;74;19;68;19;86;19;49;55;59;43;93;36;81;54;82;48;94;46;93
32;80;21;45;19;73;30;80;14;79;43;71;30;80;37;70;16;73;48;71;45;76;54;82;25;74;19;68;19;86;19;49;55;59;43;93;36;81;54;82;48;94;46;93
30;86;21;45;19;73;30;80;14;79;43;71;28;80;36;75;16;79;48;71;46;71;54;82;21;80;18;73;16;93;19;45;54;67;43;93;36;75;54;82;50;88;46;93
32;87;19;49;18;79;30;86;14;79;41;76;28;80;36;75;16;79;46;76;45;71;54;82;21;80;18;68;19;86;19;45;52;72;43;100;34;81;52;88;50;88;46;93
32;87;19;49;19;73;30;86;14;79;41;76;28;80;36;75;16;79;46;76;45;71;54;82;21;80;18;68;19;86;19;45;52;72;43;100;34;81;52;82;50;88;46;93
30;93;19;49;19;73;30;86;12;79;39;81;28;86;36;75;12;85;46;71;43;76;54;82;19;86;16;73;18;79;18;53;52;67;43;100;32;87;52;82;50;88;46;93
30;86;18;49;19;73;30;86;12;79;39;81;28;86;36;75;9;92;45;71;46;66;52;82;21;80;16;67;16;86;16;53;50;76;43;100;32;87;54;82;50;88;46;93
30;86;18;49;18;79;30;86;10;85;39;81;28;86;34;81;10;85;45;71;46;62;52;82;21;80;16;67;14;92;16;53;52;62;43;100;32;87;54;82;50;88;46;93
30;86;18;49;18;79;30;86;10;85;39;81;28;86;34;81;10;85;45;71;46;62;52;82;21;80;16;67;14;92;16;53;52;62;43;100;32;87;54;77;50;88;46;93
30;86;18;49;18;79;30;86;12;85;39;81;30;80;36;75;10;85;43;71;46;62;50;82;19;86;14;73;16;86;14;57;50;76;43;100;32;87;52;82;50;82;46;93
30;86;18;49;16;79;30;86;14;79;39;81;28;86;36;75;9;85;41;76;45;66;48;87;19;86;14;67;12;85;16;48;48;76;45;93;34;81;52;82;50;82;46;93
30;93;19;38;16;79;30;86;16;73;39;81;30;80;36;75;12;92;43;71;43;71;48;82;21;86;16;57;14;92;16;48;48;71;43;100;32;87;52;82;48;87;46;93
30;93;19;38;16;79;30;86;16;73;39;81;30;80;36;75;12;92;43;71;43;71;48;82;21;86;16;57;14;92;16;48;48;71;43;100;32;87;50;88;48;87;46;93
30;86;21;32;18;73;30;86;18;68;39;81;30;80;36;75;16;86;43;66;43;71;46;87;25;86;16;62;18;100;19;42;48;82;45;93;34;87;52;82;50;82;46;87
30;93;25;30;19;63;32;80;19;68;41;76;30;86;37;75;19;79;43;71;46;62;48;87;28;80;18;53;25;74;21;35;52;67;45;93;34;81;54;77;48;82;46;87
32;87;27;31;25;46;32;80;21;68;45;71;32;80;37;75;23;68;45;66;50;54;52;77;30;80;19;53;28;69;25;33;55;59;45;100;34;87;54;77;48;87;46;87
32;87;27;31;25;46;32;80;21;68;45;71;32;80;37;75;23;68;45;66;50;54;52;77;30;80;19;53;28;69;25;33;55;59;46;93;34;87;57;72;48;87;48;87
32;87;28;29;27;43;34;81;21;68;48;58;34;75;39;70;25;63;45;66;52;54;57;63;32;75;23;46;32;51;25;33;61;45;46;93;34;87;59;68;52;77;48;87
34;81;30;29;28;40;34;81;23;63;52;50;34;75;39;70;27;59;45;66;54;51;63;52;34;70;25;42;34;51;28;31;63;42;48;87;36;81;61;63;54;77;48;87
34;81;30;31;28;37;36;75;25;63;54;47;34;75;39;70;28;59;45;66;54;51;64;46;36;70;25;39;36;48;30;31;64;40;48;87;36;81;61;63;57;63;48;87
36;81;30;34;28;51;37;70;27;54;57;41;36;70;43;66;28;51;45;71;57;39;66;52;37;65;25;42;36;48;28;37;66;37;52;77;39;70;61;63;61;59;50;76
36;81;30;34;27;54;37;75;27;54;57;41;34;75;41;66;27;54;45;71;57;36;64;52;36;70;23;46;36;48;27;43;70;33;52;77;39;70;61;63;59;59;50;76
36;81;23;46;25;54;37;75;27;54;54;51;34;81;43;71;27;50;43;76;59;34;63;52;30;80;18;49;34;70;27;36;66;37;54;72;37;81;63;64;59;59;50;76
34;87;27;50;25;63;37;70;27;50;55;47;36;70;39;75;21;63;45;76;55;36;61;63;34;75;19;58;28;80;25;54;66;37;50;82;37;75;57;72;55;72;50;76
34;87;27;50;25;63;37;70;27;50;55;47;36;70;39;75;21;63;45;76;55;36;61;63;34;75;19;58;28;80;25;54;66;37;50;82;37;75;57;72;55;72;50;76
34;87;27;46;23;58;36;75;25;54;52;58;34;75;37;75;21;63;46;71;54;47;59;68;32;80;19;53;28;80;25;50;64;40;48;87;37;81;57;72;54;77;48;82
34;87;27;50;21;63;36;75;21;58;48;66;32;80;37;81;19;68;46;76;54;41;57;72;30;86;18;58;27;80;25;54;61;59;45;93;37;81;57;72;54;77;46;87
34;87;27;46;21;58;32;87;21;58;50;58;30;86;37;81;21;63;46;76;48;58;57;72;30;80;18;58;27;86;23;58;57;67;45;93;37;81;55;77;54;77;48;82
34;87;27;46;21;58;32;87;21;58;50;58;30;86;37;81;21;63;46;76;48;58;57;72;30;80;18;58;25;86;23;58;57;67;45;93;37;81;55;77;54;77;48;82
34;87;27;50;19;63;34;81;19;63;48;62;32;80;37;81;19;68;46;76;46;66;55;77;30;75;16;57;23;93;23;63;57;59;43;93;37;87;55;77;52;82;48;82
34;87;27;46;19;63;30;93;18;68;48;62;30;86;37;81;18;73;48;76;45;71;55;77;28;74;16;57;23;93;21;58;57;59;41;93;37;87;55;77;52;77;46;87
34;87;27;50;18;68;34;87;18;68;46;66;30;86;37;87;19;68;46;87;43;76;55;77;28;74;14;62;23;93;23;54;57;59;41;93;37;87;54;82;48;87;46;87
34;87;27;50;18;68;34;87;18;68;46;66;30;86;37;87;19;68;46;87;43;76;55;77;28;74;14;62;21;100;23;54;57;59;41;93;37;87;54;82;48;87;46;87
34;87;25;54;18;68;32;87;18;68;46;71;30;86;37;87;19;73;48;82;45;66;55;77;28;74;14;62;19;100;25;46;54;72;39;93;37;87;54;82;46;87;46;87
36;81;25;54;19;63;34;81;16;73;45;76;32;80;37;87;19;68;48;82;43;71;54;77;27;80;12;67;19;100;25;50;54;67;39;93;37;87;54;82;48;87;46;87
36;81;25;54;19;63;34;81;16;73;45;76;32;80;37;87;19;68;48;82;43;71;54;77;27;80;12;67;19;100;25;50;54;67;37;93;37;87;54;82;48;87;46;87
36;81;27;50;19;68;34;87;16;73;46;71;32;80;39;81;21;68;48;82;41;76;52;82;27;80;12;67;19;93;23;54;52;72;39;93;37;87;54;82;46;87;45;87
36;81;25;54;21;63;34;87;16;73;45;76;30;86;39;81;21;80;50;82;41;76;52;82;27;80;14;62;19;93;27;46;52;72;39;100;37;93;54;82;46;87;43;87
36;81;27;50;21;63;32;93;14;79;43;81;28;93;39;81;21;74;52;82;39;75;52;77;25;86;16;62;19;93;25;50;50;76;39;100;37;93;52;82;46;87;43;81
36;87;27;50;21;63;32;93;14;79;43;81;30;86;39;81;21;74;52;82;39;75;52;77;25;86;16;62;19;86;25;50;50;76;39;100;37;93;52;82;46;87;43;81
36;87;27;46;21;63;34;87;14;79;43;81;30;86;41;81;19;73;52;82;37;81;50;82;27;80;16;67;19;93;27;46;50;76;39;100;37;93;52;82;46;87;39;93
37;87;30;47;23;63;36;81;16;79;41;87;32;87;43;76;21;80;54;77;37;75;52;77;28;86;16;67;25;93;28;43;48;76;39;93;37;100;52;82;43;93;39;87
37;87;30;47;25;59;36;81;21;68;45;81;34;87;45;76;25;69;55;77;39;70;52;72;32;80;19;63;25;93;30;43;48;76;41;87;39;93;54;82;45;93;39;93
37;87;30;47;25;59;36;81;21;68;45;81;34;87;45;76;25;69;55;77;39;70;52;72;32;80;19;63;28;86;30;43;48;76;41;87;39;93;54;82;45;93;39;93
37;93;34;41;25;59;37;81;23;58;48;71;34;87;45;81;27;64;57;72;41;66;52;77;37;70;21;63;34;70;32;40;52;67;39;93;39;93;54;82;45;93;39;93
39;87;34;41;27;54;41;76;25;54;52;62;36;87;45;93;28;59;57;72;46;53;57;63;39;65;23;54;34;70;32;40;55;59;41;87;41;93;57;77;48;87;43;87
39;93;34;41;27;54;45;66;25;54;52;62;36;87;46;87;28;59;57;72;46;53;57;63;39;65;23;54;37;60;32;40;55;59;41;87;43;87;57;77;48;87;43;87
39;93;36;41;27;54;46;66;27;50;55;51;39;81;46;87;30;55;59;72;48;58;61;55;45;57;25;50;41;53;34;38;57;51;43;81;43;87;57;72;52;77;45;87
43;87;36;41;28;55;45;71;27;54;61;29;41;76;46;93;34;48;59;72;52;47;63;56;46;53;25;50;43;53;36;38;61;52;43;87;45;93;61;63;57;63;46;82
43;87;36;38;30;55;46;66;27;54;61;34;43;71;48;94;36;44;59;77;54;38;64;49;46;50;28;47;43;53;36;38;63;42;43;87;45;93;61;63;61;55;48;76
45;81;36;38;30;55;46;66;27;54;61;34;43;71;48;94;36;44;59;77;54;38;64;49;46;50;28;47;39;65;36;38;63;42;43;87;45;93;61;63;61;55;48;76
45;93;34;41;30;59;46;71;27;54;61;31;45;71;50;88;36;44;57;82;57;31;66;60;45;57;27;59;39;65;34;41;66;32;45;87;46;87;61;72;63;52;50;67
45;93;34;48;28;64;46;71;25;69;61;31;45;71;50;88;34;56;57;82;55;36;66;60;45;57;25;69;37;70;32;51;66;32;45;87;46;93;61;72;63;52;48;71
45;93;34;48;28;64;46;71;25;69;61;31;45;71;50;88;34;56;57;82;55;36;64;64;45;57;25;69;37;70;32;51;66;32;43;93;45;100;63;64;59;63;48;71
45;87;34;48;28;69;45;76;25;69;57;39;45;71;50;88;34;56;57;88;55;36;63;68;43;66;25;74;37;75;30;55;64;37;43;93;45;93;61;72;55;67;48;82
45;87;34;51;28;74;45;81;23;74;57;39;45;76;50;88;34;56;57;88;54;41;61;68;39;75;25;74;36;81;30;59;63;42;43;93;46;93;57;82;54;72;48;82
45;87;34;51;28;74;45;81;23;74;57;39;45;76;50;88;34;56;57;88;54;41;61;68;39;75;25;74;36;81;30;59;63;42;43;93;45;100;57;82;54;72;48;82
45;93;32;51;30;64;45;81;23;74;54;47;45;76;48;94;34;56;55;94;54;38;59;77;39;75;27;80;36;81;28;64;63;42;43;93;46;93;57;82;54;77;46;87
45;93;30;59;30;64;45;81;23;74;54;47;45;76;48;94;34;56;55;94;52;47;57;82;41;76;27;93;36;81;27;69;63;37;43;93;46;93;57;82;52;82;46;87
45;93;30;59;30;64;45;81;21;80;46;66;43;76;48;94;34;56;57;94;52;44;57;82;41;76;27;86;36;81;28;64;57;59;43;93;46;93;57;82;54;77;46;87
45;93;30;59;30;64;45;81;21;80;46;66;43;76;48;94;34;56;57;94;52;44;57;82;41;76;27;86;36;81;28;64;57;59;43;93;46;93;57;82;54;77;46;87
45;93;30;64;28;74;43;81;19;86;46;66;43;76;48;94;32;64;57;100;52;41;57;82;41;76;27;86;34;100;27;69;57;51;43;93;46;93;57;77;52;77;46;87
45;93;28;69;28;86;43;81;19;86;45;66;41;81;48;94;34;60;57;100;48;50;57;82;41;81;27;93;34;100;25;74;55;63;43;93;46;93;55;82;52;77;46;87
45;100;28;74;27;93;41;81;19;86;45;66;41;81;48;87;34;56;61;100;48;50;55;88;39;81;27;93;36;93;25;74;55;63;43;93;48;87;55;82;50;82;46;87
45;93;28;74;27;93;41;81;19;86;45;66;41;81;48;87;34;60;61;100;48;50;55;88;39;81;27;93;36;93;25;74;55;63;43;87;48;87;55;82;50;82;46;87
45;93;28;69;27;93;43;81;21;80;45;66;41;81;48;87;32;69;61;100;46;62;55;88;39;81;27;93;36;93;25;69;54;67;43;87;48;94;55;82;50;82;45;93
45;93;28;69;27;93;43;81;21;86;43;71;41;81;48;87;32;69;61;100;45;66;54;88;37;87;27;93;36;93;25;69;52;72;43;87;48;94;55;82;50;82;45;93
45;93;28;69;27;93;43;81;21;86;43;71;41;81;48;94;30;80;61;100;45;66;54;88;37;87;27;93;36;93;27;69;52;72;41;93;48;94;55;82;50;82;45;93
45;93;28;69;27;93;43;81;23;80;43;71;41;81;48;94;32;75;61;100;45;66;54;88;36;87;27;93;34;100;25;74;54;67;41;93;48;94;57;72;48;82;45;93
45;93;28;74;28;93;43;81;25;74;41;76;41;81;48;94;32;75;59;94;45;66;55;88;36;93;28;93;34;100;27;74;52;67;39;93;48;94;55;77;48;87;45;93
45;100;30;69;28;93;43;76;25;74;41;66;41;81;48;87;30;80;57;100;45;66;55;88;37;87;28;93;36;100;27;74;52;77;39;93;48;94;54;82;46;87;43;87
46;93;30;69;28;93;43;76;25;74;41;66;41;81;48;87;30;80;57;100;45;66;55;88;37;87;28;93;36;100;27;74;52;77;39;100;48;94;54;82;46;87;43;87
46;93;30;69;28;86;43;76;25;80;41;66;43;76;50;82;32;75;59;94;45;66;55;82;39;81;30;86;36;100;30;55;54;58;39;100;48;94;54;82;46;87;43;93
46;93;34;65;28;86;43;71;27;80;45;53;45;66;50;88;34;65;59;94;43;71;55;82;39;81;28;93;37;93;30;51;54;58;39;100;48;94;54;82;46;87;43;87
48;87;36;60;28;93;43;71;27;86;48;46;45;66;52;82;36;56;59;94;45;66;55;82;41;76;30;86;37;100;34;44;55;55;41;93;48;94;54;82;48;87;39;93
50;88;34;65;30;86;45;66;28;80;52;44;45;66;54;77;37;52;61;88;48;58;57;77;45;71;30;86;37;100;36;38;61;42;41;93;50;88;55;77;48;87;45;87
50;88;34;65;30;86;45;66;28;80;52;44;45;66;54;77;37;52;61;88;48;58;57;77;45;71;32;80;39;93;36;38;61;42;43;87;50;88;55;77;48;87;45;87
48;94;37;65;30;80;46;62;28;86;55;38;45;71;54;77;37;52;61;88;52;44;61;68;45;71;32;80;43;81;36;38;63;39;45;81;52;88;57;72;52;82;46;87
50;88;36;65;32;69;48;58;28;86;59;34;45;71;54;82;37;56;61;83;54;38;63;52;45;66;32;80;45;71;36;41;66;32;46;87;54;82;61;63;55;72;48;82
52;77;36;56;30;86;50;58;27;93;63;32;54;54;57;72;36;70;57;82;57;36;64;60;41;70;32;80;45;57;34;56;72;29;54;67;52;88;61;68;59;63;55;47
52;77;34;70;30;86;48;62;27;93;61;36;54;51;57;72;34;75;57;82;57;36;64;56;41;70;32;80;43;61;34;60;72;29;52;67;52;88;61;68;57;77;54;58
52;77;34;70;30;86;48;62;27;93;61;36;54;51;57;72;34;75;57;82;57;36;64;56;41;70;32;80;43;61;34;60;72;29;52;67;52;88;61;68;57;77;54;58
50;82;32;87;32;80;48;62;27;93;57;41;46;62;55;77;34;81;57;82;55;41;63;59;39;70;32;80;43;61;34;56;70;33;48;71;52;88;59;72;55;77;52;62
52;82;32;87;30;80;45;71;27;93;54;47;45;66;55;77;34;81;55;77;54;47;61;68;37;75;30;86;41;66;34;60;66;43;48;71;52;88;59;77;55;77;52;62
52;82;32;93;28;74;45;71;27;100;54;51;43;71;55;77;34;81;55;77;54;44;57;72;36;81;30;86;39;70;34;65;63;56;46;76;52;88;57;77;55;77;50;67
52;77;32;87;27;80;43;76;27;93;50;62;37;87;54;82;34;81;54;82;52;50;57;77;36;81;30;86;39;65;32;80;63;52;46;76;52;88;57;77;55;77;48;71
52;77;32;87;25;80;43;76;27;93;50;62;37;87;54;82;32;80;54;82;52;50;55;88;36;75;30;86;39;65;30;86;63;52;46;76;52;88;57;82;54;82;48;71
50;76;32;87;25;80;41;81;27;93;50;58;41;76;54;82;32;80;52;77;48;62;57;82;32;80;30;86;37;70;30;93;61;59;45;81;52;88;57;82;52;88;46;76
50;76;32;87;25;80;41;81;27;93;46;76;39;81;54;77;32;80;52;77;46;66;55;88;30;86;30;86;37;70;30;93;61;59;45;87;52;88;57;82;50;94;46;71
48;87;32;87;25;80;37;87;28;86;46;71;37;87;54;77;32;80;52;72;46;71;55;88;34;75;30;86;37;70;30;93;59;59;43;87;52;88;57;82;50;94;45;76
48;87;32;87;25;80;37;87;28;86;46;71;37;87;54;77;32;80;52;72;46;71;55;88;34;75;30;86;37;70;30;93;59;59;43;87;52;88;57;82;50;94;45;76
48;82;32;87;25;80;37;87;28;86;46;71;37;87;52;77;32;87;52;72;46;66;55;82;30;86;28;86;36;65;30;100;57;63;43;87;52;88;57;82;48;94;45;76
48;82;32;87;25;80;37;87;28;86;45;81;37;87;52;77;28;93;50;76;46;66;54;82;28;86;28;80;36;65;30;100;55;67;43;93;52;88;55;82;46;93;45;76
48;87;32;87;25;80;37;87;28;93;45;81;36;93;52;77;28;74;48;82;45;71;54;82;28;93;28;80;36;70;32;93;57;59;43;93;52;88;55;88;45;100;43;81
48;87;32;87;25;80;37;87;28;93;45;81;36;93;52;77;27;74;48;82;45;71;52;88;28;93;28;69;36;70;32;93;57;59;43;93;52;88;55;82;45;100;43;81
46;93;32;87;25;80;39;81;28;93;45;81;36;93;50;82;25;74;46;87;45;66;52;82;28;86;27;74;34;75;32;93;55;67;43;87;52;88;55;82;46;93;43;81
46;93;30;93;25;80;39;81;28;93;43;87;37;87;50;82;25;80;48;76;43;71;50;82;28;86;27;74;34;75;32;87;55;67;45;81;52;88;55;82;46;93;43;87
46;93;32;87;23;80;39;87;28;93;43;87;37;87;50;82;25;74;46;82;45;61;50;82;28;86;25;80;36;70;30;93;55;63;45;81;52;94;55;82;45;100;46;87
46;93;32;87;23;80;39;87;30;86;43;87;37;87;50;82;25;74;46;82;45;61;50;82;28;86;25;80;36;70;30;93;55;63;45;81;52;94;55;82;45;100;46;87
46;93;34;81;25;80;41;81;30;86;43;87;37;87;48;87;23;80;48;76;43;71;48;87;30;86;25;80;37;65;32;87;55;63;45;87;52;94;55;82;45;93;43;87
46;100;36;81;25;80;43;81;28;80;43;81;39;81;48;82;25;80;50;71;43;66;52;77;37;81;27;74;37;65;34;81;54;67;43;93;52;94;55;82;45;93;43;87
46;93;37;75;25;80;45;76;30;75;43;81;43;71;48;82;25;80;52;67;45;61;52;77;39;70;27;74;39;61;34;81;57;59;43;87;52;94;57;77;46;87;45;81
46;93;37;75;25;80;45;76;30;75;43;81;43;71;48;82;25;80;52;67;45;61;57;63;39;70;27;74;39;61;34;81;57;59;43;87;52;94;57;77;46;87;45;81
46;93;39;70;27;74;45;76;32;75;45;81;45;76;52;72;27;74;54;67;48;58;61;55;43;61;28;64;41;57;36;81;59;51;45;87;52;88;57;72;48;94;46;87
46;93;43;57;30;69;46;71;32;69;45;81;46;66;52;72;28;74;54;67;54;47;64;46;45;57;28;64;43;53;37;70;61;45;46;82;52;88;59;68;54;77;46;87
46;93;43;53;30;69;46;71;34;65;45;87;46;71;54;72;28;74;54;67;55;44;64;46;48;50;28;64;45;49;37;70;66;32;46;76;52;88;61;68;57;67;45;93
46;93;43;53;30;69;46;71;34;65;45;87;46;71;54;72;28;74;54;67;55;44;66;52;48;50;28;64;45;49;39;61;66;32;46;76;52;88;61;68;57;67;45;93
46;93;43;53;30;64;46;76;34;65;43;93;46;71;54;67;28;74;54;72;59;36;70;40;46;53;32;55;45;49;39;61;70;29;46;76;52;88;63;64;61;59;45;93
46;93;41;57;30;69;45;81;32;69;43;93;45;81;52;77;28;74;54;67;61;34;68;40;46;50;28;64;45;49;37;65;70;31;46;87;52;88;63;64;63;52;46;93
46;93;41;57;28;74;45;81;32;69;45;87;45;81;52;82;28;74;54;72;61;34;68;46;45;53;27;64;43;53;37;70;70;33;46;87;52;88;61;72;63;52;48;87
46;93;39;56;28;74;45;81;30;69;45;87;45;81;52;82;27;74;52;77;61;31;66;46;43;57;25;69;37;65;39;61;70;33;46;87;52;88;61;72;57;67;50;76
46;93;39;61;30;69;45;76;30;69;45;87;43;87;52;82;27;74;52;77;59;39;63;56;43;57;25;74;37;65;37;65;68;35;45;87;52;88;61;72;57;72;50;76
46;93;39;61;30;69;45;76;30;69;45;87;43;87;52;82;27;74;52;77;59;39;63;56;43;57;25;74;37;65;37;65;68;35;45;87;52;88;61;72;57;72;50;76
48;94;37;65;28;74;45;76;28;74;45;93;43;81;52;82;25;80;52;77;57;41;63;56;39;70;25;69;37;65;37;60;66;43;45;81;52;94;59;77;55;82;48;87
48;94;37;65;30;69;45;76;28;74;45;93;43;81;50;88;27;80;50;82;54;51;61;77;39;65;25;74;34;75;36;60;63;59;45;87;52;94;57;82;55;77;46;93
